追逐距离1 红 5 蓝 4
scoresBlueMap1Avg= 361839.46875
scoresRedMap1Avg= 349836.78125
scoresBlueMap2Avg= 396035.5
scoresRedMap2Avg= 648708.4375
scoresBlueMap1Avg= 352340.875
scoresRedMap1Avg= 343187.15625
scoresBlueMap2Avg= 411878.46875
scoresRedMap2Avg= 637943.0