追逐距离1 红 5 蓝 4
scoresBlueMap1Avg= 361839.46875
scoresRedMap1Avg= 349836.78125
scoresBlueMap2Avg= 396035.5
scoresRedMap2Avg= 648708.4375
追逐距离1 红 4 蓝 4
scoresBlueMap1Avg= 358610.46875
scoresRedMap1Avg= 340009.03125
scoresBlueMap2Avg= 396410.0
scoresRedMap2Avg= 624094.625
追逐距离1 红 6 蓝 4
scoresBlueMap1Avg= 359258.40625
scoresRedMap1Avg= 356418.125
scoresBlueMap2Avg= 396597.25
scoresRedMap2Avg= 672406.0
